mse per frame: 147.35468368530275
[133.03060404459634, 131.8915926615397, 143.66183853149414, 140.5872573852539, 144.77022171020508, 150.9476521809896, 151.7159105936686, 155.46601104736328, 154.02807108561197, 167.4476776123047]
mae per frame: 668.9416508992513
[608.1774190266927, 595.8065287272135, 637.8321533203125, 641.4547932942709, 661.7007344563802, 698.6216786702474, 703.5584208170573, 714.2495574951172, 692.4852244059244, 735.5299987792969]
psnr per frame: 20.66186293856557
[21.152982198393584, 21.151190509508947, 20.69827186728617, 20.840797377393, 20.764854104999042, 20.502232614548834, 20.46986420583231, 20.427695868504575, 20.50455813975017, 20.10618249943914]
ssim per frame: 0.5983817183034563
[0.6320623877213772, 0.6392261718834529, 0.6232381963442167, 0.6086859501338117, 0.5955541483829272, 0.5750382066226669, 0.5788583082223012, 0.5725861252707118, 0.5844446515121785, 0.5741230369409199]
lpips per frame: 66.12141062815984
[64.4266813993454, 65.13007779916127, 65.07615943749745, 65.19873936971028, 65.62809745470683, 66.98770920435588, 66.543244322141, 67.10831026236217, 67.76619752248128, 67.34888950983684]
