0
,psnr[23.21959656822098, 22.50730156554895, 21.625661307746128, 20.663844538398696, 20.18017067767588, 19.850590201905717, 19.49670982923691, 19.262557990787727, 19.15460780315839, 19.189267303326154]
,mse[78.06570434570312, 91.97923278808594, 112.68180847167969, 140.61624145507812, 157.18202209472656, 169.57464599609375, 183.9708251953125, 194.16195678710938, 199.04861450195312, 197.46640014648438]
,mae[334.641357421875, 391.292236328125, 451.59686279296875, 568.0882568359375, 643.2752685546875, 682.2986450195312, 725.9943237304688, 785.8857421875, 821.05029296875, 835.5742797851562]
,lpips[57.3655366897583, 57.186514139175415, 56.68315887451172, 58.82049798965454, 63.869088888168335, 66.70389175415039, 62.522339820861816, 65.47621488571167, 68.67207288742065, 69.53831911087036]
,ssim0.5559364242643232
1
,psnr[19.26246174437835, 19.154226954698586, 19.188773340481113, 19.59615539012544, 20.126628242981866, 20.069871262168697, 20.701585156172225, 21.08269479378483, 21.025902705559844, 21.276248586103357]
,mse[194.166259765625, 199.06607055664062, 197.48886108398438, 179.80609130859375, 159.13185119628906, 161.22515869140625, 139.39956665039062, 127.6881103515625, 129.36883544921875, 122.12232971191406]
,mae[785.7827758789062, 820.9330444335938, 835.44580078125, 786.022705078125, 709.731689453125, 698.5106201171875, 631.5535888671875, 610.58544921875, 592.170166015625, 585.3026123046875]
,lpips[65.64399003982544, 68.88164281845093, 69.71999406814575, 71.48686051368713, 71.023690700531, 68.39085817337036, 65.8950686454773, 66.86094403266907, 67.18288660049438, 64.54170942306519]
,ssim0.6219585275971418
2
,psnr[21.08232477399725, 21.02560971333808, 21.275577124885064, 21.974707176274805, 22.916038135503317, 22.194204461605306, 21.932661739922207, 22.44634853120147, 23.158507667248575, 21.8629466141325]
,mse[127.69898986816406, 129.3775634765625, 122.1412124633789, 103.9798583984375, 83.71747589111328, 98.85519409179688, 104.99140930175781, 93.27925872802734, 79.17155456542969, 106.69038391113281]
,mae[610.5, 592.0076904296875, 585.1625366210938, 533.7869262695312, 455.6840515136719, 524.9771118164062, 533.66259765625, 504.5191345214844, 441.8417663574219, 518.398193359375]
,lpips[66.97008013725281, 67.33511686325073, 64.70564603805542, 64.34849500656128, 59.53168869018555, 64.35580849647522, 67.13191270828247, 64.0139639377594, 62.73086071014404, 66.19048118591309]
,ssim0.6770393199345857
3
,psnr[22.44566657508443, 23.157385788474443, 21.862365279917558, 22.90457198643258, 22.527814823949164, 21.987214660844508, 21.80878113824813, 21.57062288760372, 21.013860739970124, 20.815105952321318]
,mse[93.29390716552734, 79.19200897216797, 106.70466613769531, 83.93879699707031, 91.54580688476562, 103.68083190917969, 108.02936553955078, 114.1189193725586, 129.72804260253906, 135.80299377441406]
,mae[504.4249267578125, 441.7125244140625, 518.22021484375, 429.93072509765625, 427.0845642089844, 487.7367248535156, 515.6787109375, 539.5126342773438, 611.3651123046875, 619.04638671875]
,lpips[64.18803334236145, 62.89738416671753, 66.44513010978699, 60.88266968727112, 58.72342586517334, 60.070425271987915, 61.122506856918335, 64.74373936653137, 66.08728170394897, 65.43056964874268]
,ssim0.6030635847557707
4
,psnr[21.56990579072462, 21.013293252601, 20.81467460636194, 20.62006543586115, 19.918716311504085, 19.761777575677808, 19.773699948785787, 19.3382909348109, 20.049681703765717, 19.422870989455546]
,mse[114.13776397705078, 129.7449951171875, 135.8164825439453, 142.0408935546875, 166.9353485107422, 173.078125, 172.6036376953125, 190.80548095703125, 161.97640991210938, 187.1254425048828]
,mae[539.5014038085938, 611.302978515625, 618.8855590820312, 666.0206298828125, 780.570556640625, 836.6384887695312, 831.3153686523438, 874.2599487304688, 717.62646484375, 817.778076171875]
,lpips[64.89695310592651, 66.28707647323608, 65.67115783691406, 63.18410634994507, 66.81801080703735, 67.61187314987183, 67.9150938987732, 67.40946769714355, 68.04529428482056, 67.08145141601562]
,ssim0.5310496314019627
5
,psnr[19.337937737955876, 20.04932578239263, 19.42257954432523, 19.285439737265317, 18.919756438379963, 19.149737525090956, 19.10574742262859, 18.86566007283879, 18.62478821879835, 18.070655551295967]
,mse[190.8209991455078, 161.98968505859375, 187.13800048828125, 193.14166259765625, 210.10882568359375, 199.27195739746094, 201.3006591796875, 212.74234008789062, 224.87496948242188, 255.478515625]
,mae[874.2140502929688, 717.5906982421875, 817.6819458007812, 864.8795166015625, 953.8582763671875, 961.5684814453125, 983.1459350585938, 970.7344360351562, 970.8575439453125, 1037.0804443359375]
,lpips[67.49549508094788, 68.19273233413696, 67.2318696975708, 72.46980667114258, 73.80267977714539, 74.79339838027954, 74.67254400253296, 74.14553165435791, 73.87878894805908, 71.31080627441406]
,ssim0.4556907336917358
